x0 = [0;0;0];